0.8 1.5e-05

-6.82083  -3.00256  19.73  23803.4  
-8.6411  -7.53126  13.4615  68915.5  
-10.5023  -38.7095  14.9019  37199.2  
-6.08405  -41.7884  4.43945  53221.9  
25.9582  -22.125  8.13717  14200  
30.3565  -12.5805  41.2813  36440.5  
40.2135  -46.0007  13.0662  14652.3  
16.66  5.17812  18.258  15444.5  
-7.33424  -11.064  0.12702  16198.8  
-1.4671  -15.9738  14.728  25534.6  
12.4688  -39.8117  4.79025e-08  62178.7  
50.2142  112.51  46.7294  13747  
35.199  -23.6962  25.8737  11391.4  
-16.5879  32.8765  54.998  15629.4  
24.3873  -11.1287  1.17713e-06  17000.3  
7.75774  -32.7778  0.0108187  41154.2  
-37.4525  114.908  0.156666  23339.7  
-22.1961  53.7899  0.233388  83861.1  
70.3376  -41.109  0.330321  7072.25  
94.742  -23.6671  18.6036  64025  
-24.205  -35.149  0.3797  4061.86  
-26.5259  20.49  0.746453  7811.14  
104.292  -14.2097  0.470017  23647.3  
85.788  -9.04553  5.22478e-08  498.042  
15.4473  -33.1018  0.0117368  29855.7  
33.6472  -10.2534  0.00304227  34692.1  
17.5855  -30.0807  11.4443  18347.3  
-11.2966  -51.572  43.4173  25783.1  
-20.1093  27.4181  53.2584  34256.3  
34.5218  123.162  67.8088  37063  
94.3204  -41.2007  4.16159e-06  83523.2  
111.081  -15.9716  33.0209  18932.3  
108.746  -30.139  0.00094083  27934.6  
88.0348  -7.83368  14.1828  74772.4  
60.0361  16.3629  42.3698  64037.2  
75.5632  -26.5091  41.0695  6585.65  
4.93242  -47.1159  48.0798  6921.36  
103.384  -52.8246  0.0126194  26792.5  
107.504  -46.8225  0.000604797  27525.7  
19.518  -38.5273  2.41968e-05  43527.2  
91.0992  -38.1225  8.16705  59133.8  
88.6487  -40.1767  4.90545  59467.2  
-7.79366  -9.61269  0.576773  77690.9  
74.6987  -51.6045  1.87635  17526.9  
36.3473  60.8623  35.594  51407.4  
37.9557  -36.0534  3.16614  21879  
-39.8618  119.32  41.1596  41924.4  
48.617  -8.03907  37.0574  6155.87  
-13.3522  -5.88285  0.0486635  18881.2  
-34.5144  121.163  37.4828  37411  
15.1233  -8.00723  0.156719  48459.5  
104.303  -16.6607  30.2525  76567.6  
88.8006  -59.7352  0.00412677  82060.9  
5.13  5.13  5.13  5.13  

