0.8 1.5e-05

120  521.096 0.1656

-8.32493  -9.67414  22.7641  23806.2  
-8.86326  -16.9404  17.1521  68918.6  
-16.2843  -38.7036  27.5291  37200.3  
-7.03574  -48.3186  9.13534  53224.1  
17.2168  -25.5519  16.4373  14203.4  
31.3519  -21.7439  44.4574  36444.1  
49.0871  -59.5882  11.3498  14654.4  
6.20696  7.05872  18.2306  15447.6  
-8.18304  -19.3083  0.103337  16201.8  
4.32436  -32.4113  18.114  25538.3  
11.2748  -40.8703  1.62086e-08  62180.5  
51.2888  121.375  53.1339  13748.4  
30.3309  -33.4782  25.3316  11392  
-16.1025  23.9919  62.3334  15633  
17.7528  -15.5407  9.81994e-07  17002.4  
-0.711879  -28.8213  0.00877349  41155.3  
-43.9996  123.098  0.12686  23342.4  
-29.6407  55.0755  0.215924  83863.6  
53.2435  -43.6237  0.322221  7069.82  
96.9598  -33.9637  22.5804  64025  
-41.9519  -38.1122  0.445651  4062.66  
-37.7643  21.4793  0.692318  7812.86  
107.005  -14.6658  2.15562  23647.5  
85.5057  -13.8888  1.42051e-08  499.283  
-88.3818  161.539  39.0164  13403.5  
12.185  -40.5928  0.00688207  29857.9  
29.9631  -11.8863  0.00215266  34694.1  
24.3737  -43.146  11.3647  18350.3  
-28.3722  -44.9071  54.4978  25783.4  
-24.4842  21.412  64.0568  34258.9  
38.3182  124.556  77.0236  37067.3  
89.7654  -40.3725  2.86126e-06  83523.1  
116.088  -25.0974  38.023  18932.5  
109.187  -29.3888  0.00185915  27934.8  
88.396  -14.8987  23.0542  74772.9  
42.1543  18.1117  56.2672  64035.3  
86.7034  -36.2516  42.7863  6587.52  
9.68092  -61.8389  55.2811  6923.48  
78.943  -68.4525  0.0214333  26789.8  
92.9247  -58.5553  0.000858652  27524.6  
13.4083  -37.2782  2.24682e-05  43528.6  
96.0124  -48.7264  5.90906  59133  
93.854  -50.6815  3.32218  59466.2  
-14.3083  -13.0801  0.903793  77693  
77.7634  -62.9824  1.39081  17526.3  
36.9095  60.1689  44.977  51410.2  
45.0805  -47.9754  2.46548  21881.5  
-51.3808  126.059  47.9403  41927.8  
41.2443  -15.384  41.3441  6156.15  
-17.6417  -13.8489  0.0712763  18884  
-44.0217  130.701  42.7772  37413.3  
13.5608  -16.404  0.121712  48462.3  
108.851  -27.1307  35.5215  76567.7  
72.6619  -66.5775  0.00379061  82059.2  
5.71121  

