0.8 1.5e-05

-6.82083  -3.00256  19.73  23803.4  
-8.6411  -7.53126  13.4615  68915.5  
-10.5023  -38.7095  14.9019  37199.2  
-6.08405  -41.7884  4.43945  53221.9  
25.9582  -22.125  8.13717  14200  
30.3565  -12.5805  41.2813  36440.5  
40.2135  -46.0007  13.0662  14652.3  
16.66  5.17812  18.258  15444.5  
-7.33424  -11.064  0.12702  16198.8  
-1.4671  -15.9738  14.728  25534.6  
12.4688  -39.8117  4.79025e-08  62178.7  
50.2142  112.51  46.7294  13747  
35.199  -23.6962  25.8737  11391.4  
-16.5879  32.8765  54.998  15629.4  
24.3873  -11.1287  1.17713e-06  17000.3  
7.75774  -32.7778  0.0108187  41154.2  
-37.4525  114.908  0.156666  23339.7  
-22.1961  53.7899  0.233388  83861.1  
70.3376  -41.109  0.330321  7072.25  
94.742  -23.6671  18.6036  64025  
-24.205  -35.149  0.3797  4061.86  
-26.5259  20.49  0.746453  7811.14  
104.292  -14.2097  0.470017  23647.3  
85.788  -9.04553  5.22478e-08  498.042  
-79.4616  144.945  37.2876  13401.5  
15.4473  -33.1018  0.0117368  29855.7  
33.6472  -10.2534  0.00304227  34692.1  
17.5855  -30.0807  11.4443  18347.3  
-11.2966  -51.572  43.4173  25783.1  
-20.1093  27.4181  53.2584  34256.3  
34.5218  123.162  67.8088  37063  
94.3204  -41.2007  4.16159e-06  83523.2  
111.081  -15.9716  33.0209  18932.3  
108.746  -30.139  0.00094083  27934.6  
88.0348  -7.83368  14.1828  74772.4  
60.0361  16.3629  42.3698  64037.2  
75.5632  -26.5091  41.0695  6585.65  
4.93242  -47.1159  48.0798  6921.36  
103.384  -52.8246  0.0126194  26792.5  
107.504  -46.8225  0.000604797  27525.7  
19.518  -38.5273  2.41968e-05  43527.2  
91.0992  -38.1225  8.16705  59133.8  
88.6487  -40.1767  4.90545  59467.2  
-7.79366  -9.61269  0.576773  77690.9  
74.6987  -51.6045  1.87635  17526.9  
36.3473  60.8623  35.594  51407.4  
37.9557  -36.0534  3.16614  21879  
-39.8618  119.32  41.1596  41924.4  
48.617  -8.03907  37.0574  6155.87  
-13.3522  -5.88285  0.0486635  18881.2  
-34.5144  121.163  37.4828  37411  
15.1233  -8.00723  0.156719  48459.5  
104.303  -16.6607  30.2525  76567.6  
88.8006  -59.7352  0.00412677  82060.9  
5.13  

0  1e+30 1e+30
1  822.833 1e+30
2  700.708 122.125
3  685.171 15.5372
4  673.705 11.466
5  663.647 10.0578
6  654.668 8.97919
7  646.622 8.0458
8  639.385 7.23674
9  632.848 6.53735
10  626.916 5.93171
11  621.511 5.40519
12  616.566 4.94534
13  612.024 4.54185
14  607.838 4.18619
15  603.966 3.87132
16  600.375 3.59138
17  597.034 3.34146
18  593.916 3.11748
19  591 2.91598
20  588.266 2.73407
21  585.697 2.56928
22  583.277 2.41953
23  580.994 2.28302
24  578.836 2.15823
25  576.792 2.04384
26  574.853 1.93872
27  573.012 1.84187
28  571.259 1.75246
29  569.589 1.66971
30  567.996 1.59299
31  566.475 1.5217
32  565.019 1.45534
33  563.626 1.39346
34  562.29 1.33566
35  561.009 1.28158
36  559.778 1.23089
37  558.594 1.18333
38  557.456 1.13862
39  556.359 1.09654
40  555.302 1.05688
41  554.283 1.01945
42  553.299 0.984089
43  552.348 0.950635
44  551.429 0.918951
45  550.54 0.888908
46  549.68 0.860391
47  548.847 0.833293
48  548.039 0.807517
49  547.256 0.782975
50  546.497 0.759584
51  545.759 0.73727
52  545.043 0.715964
53  544.348 0.695603
54  543.672 0.676127
55  543.014 0.657482
56  542.375 0.63962
57  541.752 0.622492
58  541.146 0.606057
59  540.556 0.590275
60  539.981 0.575108
61  539.42 0.560522
62  538.874 0.546486
63  538.341 0.532969
64  537.821 0.519943
65  537.313 0.507384
66  536.818 0.495266
67  536.335 0.483567
68  535.862 0.472266
69  535.401 0.461342
70  534.95 0.450778
71  534.51 0.440556
72  534.079 0.430659
73  533.658 0.421073
74  533.246 0.411782
75  532.843 0.402774
76  532.449 0.394035
77  532.064 0.385554
78  531.686 0.377318
79  531.317 0.369318
80  530.956 0.361543
81  530.602 0.353984
82  530.255 0.346632
83  529.915 0.339478
84  529.583 0.332515
85  529.257 0.325734
86  528.938 0.319128
87  528.625 0.312691
88  528.319 0.306417
89  528.019 0.300298
90  527.724 0.29433
91  527.436 0.288507
92  527.153 0.282823
93  526.876 0.277274
94  526.604 0.271855
95  526.337 0.266561
96  526.076 0.261389
97  525.82 0.256334
98  525.568 0.251393
99  525.322 0.246561
100  525.08 0.241836
101  524.843 0.237214
102  524.61 0.232692
103  524.382 0.228267
104  524.158 0.223936
105  523.938 0.219697
106  523.722 0.215546
107  523.511 0.211483
108  523.303 0.207503
109  523.1 0.203605
110  522.9 0.199787
111  522.704 0.196047
112  522.512 0.192383
113  522.323 0.188793
114  522.138 0.185275
115  521.956 0.181828
116  521.777 0.17845
117  521.602 0.17514
118  521.43 0.171895
119  521.262 0.168716
120  521.096 0.1656
