-6.82083 -3.00256 19.73
-8.6411 -7.53126 13.4615
-10.5023 -38.7095 14.9019
-6.08405 -41.7884 4.43945
25.9582 -22.125 8.13717
30.3565 -12.5805 41.2813
40.2135 -46.0007 13.0662
16.66 5.17812 18.258
-7.33424 -11.064 0.12702
-1.4671 -15.9738 14.728
12.4688 -39.8117 4.79025e-08
50.2142 112.51 46.7294
35.199 -23.6962 25.8737
-16.5879 32.8765 54.998
24.3873 -11.1287 1.17713e-06
7.75774 -32.7778 0.0108187
-37.4525 114.908 0.156666
-22.1961 53.7899 0.233388
70.3376 -41.109 0.330321
94.742 -23.6671 18.6036
-24.205 -35.149 0.3797
-26.5259 20.49 0.746453
104.292 -14.2097 0.470017
85.788 -9.04553 5.22478e-08
15.4473 -33.1018 0.0117368
33.6472 -10.2534 0.00304227
17.5855 -30.0807 11.4443
-11.2966 -51.572 43.4173
-20.1093 27.4181 53.2584
34.5218 123.162 67.8088
94.3204 -41.2007 4.16159e-06
111.081 -15.9716 33.0209
108.746 -30.139 0.00094083
88.0348 -7.83368 14.1828
60.0361 16.3629 42.3698
75.5632 -26.5091 41.0695
4.93242 -47.1159 48.0798
103.384 -52.8246 0.0126194
107.504 -46.8225 0.000604797
19.518 -38.5273 2.41968e-05
91.0992 -38.1225 8.16705
88.6487 -40.1767 4.90545
-7.79366 -9.61269 0.576773
74.6987 -51.6045 1.87635
36.3473 60.8623 35.594
37.9557 -36.0534 3.16614
-39.8618 119.32 41.1596
48.617 -8.03907 37.0574
-13.3522 -5.88285 0.0486635
-34.5144 121.163 37.4828
15.1233 -8.00723 0.156719
104.303 -16.6607 30.2525
88.8006 -59.7352 0.00412677
