1
147 270 30 23824.7
147 270 30 68936.8
147 270 30 37215.7
147 270 30 53238
147 270 30 14222.6
147 270 30 36466.4
147 270 30 14664
147 270 30 15471.2
147 270 30 16220.1
147 270 30 25554.2
147 270 30 62195.8
147 270 30 13778
147 270 30 11404.4
147 270 30 15657.3
147 270 30 17017
147 270 30 41172.3
147 270 30 23378
147 270 30 83890.2
147 270 30 7077.57
147 270 30 64029
147 270 30 4077.67
147 270 30 7837.71
147 270 30 23651.2
147 270 30 503.05
147 270 30 13450.8
147 270 30 29873.4
147 270 30 34706.6
147 270 30 18362.9
147 270 30 25799.6
147 270 30 34284.4
147 270 30 37114
147 270 30 83524.9
147 270 30 18940.1
147 270 30 27937.1
147 270 30 74778.2
147 270 30 64051.6
147 270 30 6595.37
147 270 30 6939.87
147 270 30 26796.7
147 270 30 27529.2
147 270 30 43544.1
147 270 30 59136
147 270 30 59469.5
147 270 30 77712.2
147 270 30 17532.5
147 270 30 51431.5
147 270 30 21890.8
147 270 30 41971.7
147 270 30 6168.56
147 270 30 18903.3
147 270 30 37452
147 270 30 48477
147 270 30 76574.4
147 270 30 82066.4
5.13
