26
ACA -22.540 133.998 0
AGL 20.614 145.011 0
ARE 51.018 77.347 0
CAP -30.608 147.567 0
CAR 65.103 49.455 0
CHA 54.944 137.179 0
COC 48.627 41.584 0
CUC 22.451 20.378 0
DBB 96.236 -32.516 0
EL4 13.584 33.168 0
GIL -2.096 98.067 0
GUA 108.577 89.124 0
HEL 171.785 -123.702 0
JUR 57.345 24.736 0
LOL 79.240 124.499 0
MUL 56.348 91.703 0
NAN 62.215 80.633 0
NEC 30.756 124.612 0
PPI 36.426 98.132 0
PRI 52.255 63.835 0
RUS 87.971 102.329 0
SJN 61.621 160.829 0
SOL -36.42 -119.63 0
SPD 79.850 105.053 0
TRI -4.988 118.065 0
UNG -4.429 83.150 0
