0.8 1.5e-05

25  25  25  6.84  
25  25  25  8  
25  25  25  9.4  
25  25  25  10.88  
25  25  25  12.44  
25  25  25  14.16  
25  25  25  15.96  
25  25  25  17.84  
25  25  25  20.44  
0  1e+30 1e+30
1  2432.99 1e+30
2  298.503 2134.48
3  124.581 173.922
4  63.8029 60.7782
5  35.964 27.8389
6  19.2936 16.6704
7  11.3636 7.93004
8  7.00916 4.35444
9  5.29401 1.71515
10  2.45883 2.83518
11  2.62172 0.162892
12  2.00393 0.617794
13  0.831198 1.17273
14  0.817826 0.0133718
15  0.818312 0.000486652
16  0.556439 0.261873
17  0.53693 0.019509
18  0.816441 0.279511
19  0.376131 0.440311
20  0.37537 0.000760719
21  0.149135 0.226235
22  0.148936 0.000198742
23  0.148914 2.18509e-05


0.148911

25.0268  25.0268  6.60714  0.943818  
25.0071  25.0071  10.9726  2  
25.0964  25.0964  15.8367  3  
25.1978  25.1978  20.928  4  
25.004  25.004  25.1322  5  
25.1131  25.1131  30.1608  6  
25.1517  25.1517  35.2816  7  
25.2841  25.2841  40.2842  8  
25.4684  25.4684  45.0222  9  
25.0268  
