0.8 1.5e-05

25.0268  25.0268  6.60714  0.943818  
25.0071  25.0071  10.9726  2  
25.0964  25.0964  15.8367  3  
25.1978  25.1978  20.928  4  
25.004  25.004  25.1322  5  
25.1131  25.1131  30.1608  6  
25.1517  25.1517  35.2816  7  
25.2841  25.2841  40.2842  8  
25.4684  25.4684  45.0222  9  
6  

0  1e+30 1e+30
1  202.729 1e+30
2  11.5193 191.21
3  0.655002 10.8643
4  0.199806 0.455196
5  0.197222 0.00258332
6  0.193861 0.00336172
7  0.197281 0.0034205
8  0.0646358 0.132645
9  0.0197994 0.0448364
10  2.05033e-05 0.0197789
11  7.04237e-07 1.9799e-05


2.71479e-08

25.0598  25.0598  5.97735  0.999995  
25.2295  25.2295  10.8955  2  
25.1348  25.1348  15.8784  3  
25.1898  25.1898  20.9283  4.00001  
25.0519  25.0519  25.3405  5  
25.11  25.11  30.2635  6  
25.1586  25.1586  35.3875  7  
25.3108  25.3108  40.4763  8.00001  
25.5384  25.5384  45.292  9  
25.0598  
